#'chr'	'start'	'end'	'White_Adi.'	'Beige_Adi.'
chr1	6613856	6615857	4.092272934522174	4.59660898035242
chr1	14923129	14925130	1.5762626128586443	1.2070649812047964
chr1	23799401	23801402	3.5945536305971437	3.6230501455272797
chr1	45338954	45340955	3.6166054643022063	3.855940659920335
chr1	55214361	55216362	4.3441381284192	4.462453754998451
chr1	87128764	87130765	2.1898344170418422	2.5076969440094974
chr1	113757062	113759063	3.2942097858505037	3.325698574284762
chr1	113758887	113760888	3.6854055652906097	4.112317262984533
chr1	146958858	146960859	0.030066396749131728	-0.31475373766490977
chr1	149831669	149833670	0.0	0.03460449293099422
chr1	153565754	153567755	4.235015251468504	3.51345282306848
chr1	155982604	155984605	4.47687431714302	4.152722871894673
chr1	160127395	160129396	2.202075221863389	1.9176984769300192
chr1	160283230	160285231	4.277000894919556	4.503667625847924
chr1	161724900	161726901	2.57928779612536	2.362326609141108
chr1	171267995	171269996	0.16226664205156607	-0.3550171090083196
chr1	184567398	184569399	0.33730004275816194	0.796694788202876
chr1	201738316	201740317	4.076103529163874	4.488722105215296
chr1	201738867	201740868	4.309328385546717	4.891179417920434
chr1	201887679	201889680	1.2079697380353611	1.1874638541600409
chr1	245153494	245155495	2.0692765723461513	2.0221008826310922
chr1	246506311	246508312	0.9178742743173195	1.3324706057161364
chr10	29735780	29737781	2.943249247994938	2.9751265211951043
chr10	31319446	31321447	4.44659187175128	3.849454553873034
chr10	46022454	46024455	4.228401293959732	4.685141136859549
chr10	69179233	69181234	3.8275517511387296	4.024579614356183
chr10	71963394	71965395	4.810590900256326	4.580314699565162
chr10	91219662	91221663	1.6964364677679802	1.9801234976164643
chr10	102448815	102450816	0.6069969095401071	0.7905998639855487
chr10	110006963	110008964	4.304894265915803	4.1100270509971395
chr10	110224992	110226993	2.508701409644105	3.027191372905078
chr10	132306949	132308950	1.6905043550300434	2.03858194731681
chr11	694531	696532	3.6044560110469885	3.87535709466044
chr11	808752	810753	4.682705758458606	5.011936051754599
chr11	841811	843812	4.4545876505287065	4.020037249289174
chr11	7564624	7566625	-0.8529792541452607	-0.7405665145735069
chr11	10293206	10295207	4.735927619048475	4.411206139670373
chr11	36299960	36301961	0.8878369418433933	2.478385958337156
chr11	57310468	57312469	4.27875485956834	4.554968042610368
chr11	58577165	58579166	4.25984964695248	4.663376667358019
chr11	62600864	62602865	3.8326920927922155	3.2945433471593266
chr11	65381673	65383674	4.324345486821908	4.3752093493319535
chr11	66906900	66908901	2.9227159344230915	3.503777426387582
chr11	86954966	86956967	4.035264580227365	4.453580961492723
chr11	107857807	107859808	1.7548469713992767	1.5633677829410082
chr11	110092391	110094392	4.109254023611863	3.7694346906475693
chr11	111844390	111846391	3.4049917635883653	3.9233076553221866
chr11	111877934	111879935	2.5157395407329344	2.7717042271807197
chr11	111922682	111924683	4.449846294823003	4.916083998295924
chr11	112016303	112018304	4.373396914158333	4.41442169667323
chr12	1796659	1798660	0.6756737242024563	0.5622104885140081
chr12	3752199	3754200	2.554610076298756	1.6917922226061026
chr12	26194339	26196340	1.6434519311504479	1.6271363938627255
chr12	27381383	27383384	2.6771736149352248	3.120440187231281
chr12	29222664	29224665	0.4756863112127075	1.893738263888139
chr12	32501042	32503043	2.8849333072964085	3.23191643624404
chr12	53250585	53252586	3.53059149210892	4.002940955832729
chr12	59663676	59665677	1.2948531221484485	2.3765618556462864
chr12	104600487	104602488	0.19368793477930196	1.0678360908602984
chr12	116909964	116911965	2.0415460268439776	2.1208148340744923
chr12	122833452	122835453	0.787108250443329	0.9306149705934182
chr13	23179951	23181952	0.7090562290911574	1.824314499425626
chr13	23887841	23889842	3.0909916406043694	3.1670667113571507
chr13	41259585	41261586	-0.5032541147122611	-0.7671451832321552
chr13	44435844	44437845	3.6267735902099005	3.885789331600001
chr13	110713981	110715982	4.034488726851563	4.102154773850055
chr14	50395075	50397076	2.217694207879026	2.0014087792021145
chr14	73568058	73570059	4.467126415034836	4.479476234782999
chr14	95480761	95482762	3.056014771149748	3.434639306327637
chr14	95533888	95535889	4.126585830190041	4.150280869154724
chr14	100896921	100898922	-0.44599328120798654	-0.16104588572682027
chr15	40438720	40440721	1.6820732097375304	2.10727798084183
chr15	49878587	49880588	3.036573466922752	2.7190822199068925
chr15	50354459	50356460	4.8796222453320794	4.492073068190365
chr15	74172709	74174710	4.058831746139203	3.5379756026400657
chr15	90871877	90873878	3.2641093027184973	3.1446547215661003
chr16	10558153	10560154	2.936485487102709	3.4630346954335534
chr16	31073239	31075240	4.591046009009128	4.56308850384717
chr16	48364900	48366901	4.281688332649749	4.439464989134257
chr16	66933443	66935444	3.4240531813935338	3.651002984314626
chr16	69141115	69143116	1.508148554347807	2.4688408386833736
chr16	69310349	69312350	3.6006203718542005	3.807309136874434
chr16	69329587	69331588	3.7764976727286053	3.4947701514055187
chr16	71882540	71884541	2.1839897969792568	2.178465412831914
chr16	75250623	75252624	4.369379265327553	3.7322432099498615
chr16	87316419	87318420	3.708644218714752	4.3201328099445835
chr17	4949189	4951190	3.3063040532689283	3.3201374488881323
chr17	7856890	7858891	3.9243345012355437	4.363960298998602
chr17	15264325	15266326	2.3210645333981126	2.768254306978451
chr17	17576495	17578496	1.7993129791359244	2.6865323794477884
chr17	17751475	17753476	2.645174523451886	2.1444528725233436
chr17	28724896	28726897	3.8664373288902647	3.7469509165425627
chr17	28725931	28727932	3.4638490826358614	3.2383901013665533
chr17	29567046	29569047	3.6874730412288805	3.9472614699052384
chr17	29567516	29569517	3.3271718450463683	3.590608440106644
chr17	34960459	34962460	2.5110575602871426	2.7660158434332005
chr17	47187935	47189936	4.0972901939138024	4.22820304350795
chr17	48577349	48579350	4.275448245975334	3.9635048501462022
chr17	48592960	48594961	3.2870556747001864	3.721702265047049
chr18	5629699	5631700	1.619863081192863	2.368191539827527
chr18	77132682	77134683	1.5101004123016173	1.6303090046748072
chr19	3062106	3064107	1.401071615261577	1.356180594189718
chr19	12774619	12776620	2.730688247517754	2.9935222405226014
chr19	12994607	12996608	2.740898157334827	2.3301290575313742
chr19	18940260	18942261	1.586031131875233	1.4763902754420621
chr19	29707639	29709640	3.857842431898786	4.599246331432604
chr19	35138725	35140726	2.9085660419461514	3.3264434617882572
chr19	38318844	38320845	1.5561965950441665	1.047749844865165
chr19	42216756	42218757	3.553626993016498	2.770019280135357
chr19	45716328	45718329	3.6203068691664577	3.9740520835061797
chr19	47255522	47257523	3.1640002486501166	2.798254911450372
chr19	47712421	47714422	2.6025965155392274	2.3504642871240504
chr19	57560394	57562395	0.5354461978844589	1.1059762058282416
chr2	8680862	8682863	4.033577298257997	3.48106215349526
chr2	11344436	11346437	4.110204827416669	4.2826941021676665
chr2	48568019	48570020	3.440255531344657	4.274739106099009
chr2	54455316	54457317	3.7078428949102444	4.011920288406212
chr2	55009448	55011449	3.010106823336157	3.6297161976694965
chr2	62697874	62699875	3.150830241087148	4.065735018546568
chr2	62978322	62980323	-0.19713888120241804	0.27625363358215316
chr2	64987476	64989477	3.1875324342854263	2.8506516269618385
chr2	95788664	95790665	0.0	0.0
chr2	102760962	102762963	1.0247099648047964	1.8674505903544911
chr2	108533181	108535182	3.993877628651023	4.301987629740632
chr2	109435652	109437653	2.111493376143966	2.51700783654939
chr20	3158864	3160865	2.686188686419896	2.774788700724715
chr20	44737895	44739896	2.4529548166535937	2.8259150686808954
chr20	50567054	50569055	0.5411843056085407	1.764491594892213
chr21	16418195	16420196	3.3343248452664094	2.88392999786626
chr21	45533705	45535706	0.8887931099592662	2.523346555088036
chr22	38191099	38193100	2.6535705840927193	2.951963253424761
chr22	38212534	38214535	0.113545200088284	0.8924788045779916
chr22	40176924	40178925	3.7313626453014397	4.10961132112048
chr22	50184914	50186915	1.7342062812093917	2.0265798635449426
chr22	50199978	50201979	2.353844814216611	2.7094568568389654
chr22	50329773	50331774	0.2792300941953762	0.8920141839194692
chr3	9843058	9845059	2.443971811844984	2.720908609803629
chr3	12350471	12352472	3.8633289648247278	4.388739558392597
chr3	14431669	14433670	1.3003408210139233	0.8974719055224925
chr3	38023786	38025787	3.00904621128427	2.8828809828077495
chr3	42618818	42620819	0.21398258823932725	0.16758465057965935
chr3	42653504	42655505	4.029364816160368	3.654437692805209
chr3	46565523	46567524	1.2067172879698513	0.6236455180377697
chr3	52289073	52291074	2.087618975955415	2.5646924046343726
chr3	73555937	73557938	3.480151102406505	3.7766506119448007
chr3	107521935	107523936	2.4128258747469804	2.6373620514629006
chr3	126286704	126288705	1.6112410761681675	1.8373806972652995
chr3	129723112	129725113	3.533582873988047	3.6559785157334526
chr3	136927038	136929039	0.5895163701278273	0.7424482510749038
chr3	141401348	141403349	3.8720133272208885	3.2380612969259492
chr3	156816061	156818062	2.951973934380688	2.6017747914296634
chr3	171809482	171811483	4.460051899945025	4.169410626556906
chr3	187736943	187738944	4.8554867234961625	4.702785632381157
chr3	194632688	194634689	2.7250070561500896	1.9030885058562994
chr3	196711357	196713358	3.5660353686536466	3.952935672162461
chr4	53507382	53509383	2.887058038387894	2.2040813539934896
chr4	70703800	70705801	4.173023731931337	4.409397928789817
chr4	73222113	73224114	2.9530982546368514	3.0639587702918765
chr4	122921596	122923597	3.796805059204129	4.32292056143254
chr4	142304943	142306944	-0.5676793526565463	0.2913747868020793
chr4	159266736	159268737	2.1613246187900113	3.230239487838173
chr4	168510567	168512568	-0.8881503505679925	-0.48127733918402404
chr5	96701788	96703789	4.054656049501272	4.392496919544581
chr5	113293948	113295949	2.9052400676076866	2.6441112902091777
chr5	119267691	119269692	3.5181284489362374	3.5763816355838127
chr5	134525107	134527108	4.50461139586235	4.795638466802772
chr5	138037605	138039606	0.2702930596105395	1.552156753228661
chr5	142697045	142699046	2.6336715932295554	3.3461561545095
chr5	142697069	142699070	2.6300482734557824	3.369757453276214
chr5	147452958	147454959	2.9092953965175505	2.287187377658132
chr5	159099482	159101483	4.091440805046362	3.906727304013263
chr5	180809439	180811440	4.582396134952821	4.310634113879239
chr6	18263547	18265548	3.4702268961119227	3.3664474528609922
chr6	30325808	30327809	4.529295992512222	4.281700666903046
chr6	33074989	33076990	-0.3561546867186552	-0.6225680520926518
chr6	56842664	56844665	3.807542236350309	3.580053894396287
chr6	79630328	79632329	0.23856427353128495	0.26216025783799995
chr6	106540133	106542134	2.0698494142353234	2.8264650830661737
chr6	109093818	109095819	4.170971912579699	4.0341295128667225
chr7	1054278	1056279	0.6221037443718285	1.016693588017133
chr7	5396243	5398244	3.288937690283914	3.5619985152140825
chr7	94394607	94396608	4.279494283113848	3.8970337433025706
chr7	99437921	99439922	3.597592518767333	3.3928742562058405
chr7	102395362	102397363	3.37723530250332	3.56279203610958
chr7	107743103	107745104	3.600152277078845	3.6524092763061624
chr7	134890399	134892400	3.2781786758112976	3.6119987869707524
chr7	143619942	143621943	0.028941839352540525	0.0
chr7	155251433	155253434	3.253495643792151	3.8873887984291544
chr8	9150573	9152574	1.6489081854476018	1.8994203190515186
chr8	17675493	17677494	0.7089830572908099	1.7736934620606335
chr8	61688848	61690849	3.6424937978509413	4.243080447360752
chr8	101789976	101791977	2.376915287567471	2.7611274594925415
chr8	106656667	106658668	2.788914163468682	3.11310381002737
chr8	119672452	119674453	1.4503540901519587	1.3782990761603908
chr8	129938871	129940872	2.438900109590857	3.1200700017770315
chr8	144103249	144105250	3.8767382338535437	4.450503397864328
chr9	685763	687764	4.108855598664263	4.231141377994
chr9	127801857	127803858	4.542754756072559	4.652568584558429
chr9	129109792	129111793	3.753792285160964	3.7016799001520564
chrX	7146236	7148237	2.0288931078341292	2.334285398016527
chrX	15737269	15739270	1.5797235643699579	1.8353552721125128
chrX	52957517	52959518	0.0	0.0
chrX	72304913	72306914	0.3754027374388331	1.1300688036159736
chrX	72306186	72308187	0.5863230825255825	1.513603907077884
chrX	100592359	100594360	0.3776150853298853	1.4079336635712565
chrX	109535875	109537876	2.396922173620727	2.46881013967995
chrX	115016615	115018616	1.1466850836042717	0.6842736106994145
chrX	136168636	136170637	3.535475956500565	3.766710507491751
chrX	136203720	136205721	3.172073750909469	3.6387825329939605
