#'chr'	'start'	'end'	'White_Adi.'	'Beige_Adi.'
chr1	6613480	6613981	6.886721505138451	5.020067884417589
chr1	11803426	11803927	4.036696424027403	2.7081269993039663
chr1	14945668	14946169	1.585148461802515	5.337498335543269
chr1	17634006	17634507	0.8197447135300931	1.1818085306894754
chr1	23800530	23801031	13.314619848590173	6.9739718249220095
chr1	26432031	26432532	6.355733672063984	8.252745695932658
chr1	33349634	33350135	1.6879125693125163	1.1382037908017277
chr1	55215113	55215614	3.6292077995345977	4.566397812076196
chr1	113759235	113759736	3.3961418391820675	3.018887978589939
chr1	113759238	113759739	3.393016390041439	3.0141274391296142
chr1	115768530	115769031	2.7274665529440023	2.0362115489270636
chr1	146959720	146960221	1.3658296902498561	1.4018836005957065
chr1	149832417	149832918	9.33755714926653	6.729348584325489
chr1	153565593	153566094	1.0947009308371478	2.344391060803465
chr1	155983139	155983640	9.043035297336692	5.5423817633392805
chr1	160127421	160127922	1.4689841341829586	0.9610105260403571
chr1	160284903	160285404	2.1737930103690326	4.221218380861416
chr1	161225688	161226189	5.780967605804017	10.96467297840975
chr1	161749507	161750008	5.801764092759458	7.8564023542071055
chr1	161749507	161750008	5.801764092759458	7.8564023542071055
chr1	171257706	171258207	1.2581759982718204	1.665070713220718
chr1	173205473	173205974	2.2885714365455683	2.178260145549051
chr1	201888457	201888958	5.135331992974538	3.2206514445607533
chr1	219092016	219092517	0.7051134919691943	0.6795930929050712
chr1	240285045	240285546	1.5646374526019107	2.003503987413205
chr1	245154734	245155235	1.3702007147842301	1.8915764254010365
chr1	246417158	246417659	1.3122183519923045	0.929640719514645
chr10	24466280	24466781	0.5770907377054592	1.0555680296616163
chr10	29648024	29648525	1.1789162062599274	2.7327768693189185
chr10	29735673	29736174	2.194881211259884	1.7700500443072138
chr10	46030463	46030964	18.261793203220634	17.034512373263727
chr10	71965090	71965591	5.967736828113031	3.651071060679392
chr10	89645321	89645822	3.3895885894398488	3.7298984798842563
chr10	91162761	91163262	1.428357545487181	0.8714387036131289
chr10	103677964	103678465	2.8927817164423937	5.3452834837926835
chr10	110005553	110006054	3.1702977537870884	1.3363942726405558
chr10	110207354	110207855	1.854207900945774	1.7037844484199782
chr10	119818476	119818977	1.390689970014576	2.386216338285191
chr11	706464	706965	3.4048636573517395	1.7805843684011828
chr11	7576516	7577017	1.4798717683184885	1.1802160230701317
chr11	8726068	8726569	1.3228605803615319	1.0416429579376936
chr11	9573419	9573920	1.6155559214765203	1.1593265619106636
chr11	10455069	10455570	0.9216267223843557	1.9903159480608865
chr11	36376130	36376631	1.317128250222958	1.5127348847493916
chr11	36376130	36376631	1.317128250222958	1.5127348847493916
chr11	58575632	58576133	0.8574992396874342	0.9724918696694745
chr11	62601024	62601525	2.8944704799119108	3.5564891831603593
chr11	62727861	62728362	3.4561280340491654	3.848903638755014
chr11	64245713	64246214	5.017454735295264	3.017437420740813
chr11	65382122	65382623	4.966964781403304	4.2965307240476625
chr11	71479043	71479544	1.303056473265627	0.8144578474486421
chr11	75525690	75526191	1.4469484585725856	1.0235205318875418
chr11	86955987	86956488	10.126931288998998	13.524773586771921
chr11	110092860	110093361	1.4671674490926747	1.2927790989656887
chr11	111879290	111879791	7.203591463332643	6.4271712005733255
chr11	111977058	111977559	2.179153124967259	2.0196459048284505
chr11	112017323	112017824	1.7423073938506806	1.5040414580803907
chr11	119010956	119011457	0.7423655834502565	2.5184052728131383
chr12	1797079	1797580	4.137330647833095	3.5605686123737557
chr12	26195245	26195746	3.5652420951458748	3.0252295031756935
chr12	29148852	29149353	1.479267144631483	1.1640125624909847
chr12	32534073	32534574	1.5668828924021083	1.7814065977008995
chr12	46386918	46387419	1.637037385723548	1.6711073871144277
chr12	53251845	53252346	4.12574798868088	5.552116306718
chr12	55973823	55974324	4.213935661220741	6.26379740880635
chr12	104456720	104457221	2.637394553767945	1.9898738994331893
chr12	116910699	116911200	0.7728093013078153	1.9969852118197078
chr12	122835206	122835707	0.9357906953541343	1.081468111502672
chr12	132710568	132711069	1.2576005670600785	2.5338231755825813
chr13	23160257	23160758	1.0194519503030948	0.9583832200415834
chr13	44576079	44576580	3.6160530299245717	3.3586736724762147
chr13	110713027	110713528	1.4056597049840671	1.9247637004433515
chr14	23154199	23154700	4.124409299172803	9.169842332185148
chr14	24114526	24115027	5.765762075930536	3.944585768048635
chr14	50363697	50364198	1.715724133445831	1.0333345388461967
chr14	75660973	75661474	4.2382452411803895	2.123933997042403
chr14	95516399	95516900	2.093221203533713	1.0121970624029042
chr14	95534367	95534868	6.647208678270291	5.8066038897413454
chr15	32461733	32462234	1.0307551843677452	1.1230400015494066
chr15	40440702	40441203	4.519064225420029	4.800421156569155
chr15	50354736	50355237	2.2128491344566115	2.5312120457609257
chr15	55916880	55917381	0.902932991048771	1.3014634378893886
chr15	57218786	57219287	0.6375789024872694	0.6509189031081285
chr15	69298661	69299162	0.8367141293670365	1.3646397226584885
chr15	74174250	74174751	2.701580067237694	1.901038721412004
chr15	85619445	85619946	0.6842742513515754	0.7487482287569674
chr15	85750030	85750531	4.033831301325572	4.0141894782850605
chr15	90871288	90871789	1.146024827709693	1.5643588644777706
chr15	99251111	99251612	5.6160976615494596	7.274260949231907
chr16	76104	76605	7.210941096979701	5.380205994832539
chr16	10580381	10580882	2.509542448078087	2.7609122458570257
chr16	31064837	31065338	2.9651082065291035	2.7647393242327754
chr16	48385162	48385663	0.858204760296854	1.5392732118180175
chr16	66636234	66636735	1.9238847238336971	0.5897972086470522
chr16	67252485	67252986	5.203486068282061	3.473489195762756
chr16	69139421	69139922	1.2743082879308216	0.6818617747691339
chr16	75265756	75266257	2.7572427671588584	1.5528743980887407
chr17	1496210	1496711	3.158214556718777	0.880450301482054
chr17	15262338	15262839	8.129588324152781	4.920390005121212
chr17	17591457	17591958	4.6732644297167685	5.736404347562504
chr17	28728537	28729038	3.8787352219075264	2.450525139620204
chr17	29568450	29568951	3.045379218940963	3.122879823881709
chr17	39919603	39920104	1.1087406326434808	1.420031098310581
chr17	47189044	47189545	13.121331994048136	7.1451932774808355
chr17	47489967	47490468	0.7018470050332075	0.8083270066036674
chr17	47941159	47941660	1.5692649523536126	2.878051078961995
chr17	48590021	48590522	5.72108701127256	2.9287011680488817
chr17	48592442	48592943	8.115116828453992	5.686089304392923
chr17	50866103	50866604	2.0967676097047545	2.6958707667396453
chr17	59944940	59945441	1.2964293090645187	0.9660678647473425
chr17	67993301	67993802	1.177466016329691	1.0759451660567414
chr18	5544059	5544560	2.1418265133441805	3.4592768919920016
chr18	31684472	31684973	2.3133920708340323	1.168835766063241
chr19	1131970	1132471	2.8695604587029555	2.211649163278515
chr19	2050636	2051137	1.059331529868577	1.1353930016001779
chr19	3062306	3062807	3.488761247513061	3.3677237428828866
chr19	13023740	13024241	0.8985051430627972	1.5745553741911928
chr19	15125535	15126036	35.54096113517137	34.07492033926075
chr19	29715206	29715707	4.029849521652191	3.989231911723961
chr19	48634275	48634776	6.806980957409103	9.41244070657237
chr19	53467482	53467983	5.440209449051383	6.446696597421003
chr19	55117386	55117887	6.916431941909942	2.7522590610081563
chr19	56477123	56477624	3.3011623468703615	2.294559838291176
chr19	57559612	57560113	2.022470958783717	4.08254997863503
chr2	48529920	48530421	2.7762205082023454	1.042401683068799
chr2	53767553	53768054	8.488689579947028	9.557370029285758
chr2	55050293	55050794	5.3818124535079015	6.028855810622256
chr2	62705401	62705902	3.06381123341962	4.429005773719437
chr2	62705491	62705992	3.167850513420181	3.902765043719324
chr2	64989148	64989649	2.8508856810495526	1.697617718797482
chr2	95789403	95789904	0.8497712375399119	0.9992307692230818
chr2	102736654	102737155	7.120928124039473	10.058988481224654
chr2	108533945	108534446	2.4695738097150883	4.012381915798682
chr2	131757780	131758281	1.1040730504932519	1.404143177582594
chr2	144332317	144332818	1.485465436162587	2.241588579204506
chr2	152334923	152335424	1.588021644813096	3.0832195334329815
chr2	238847781	238848282	1.4399298058298533	3.1471872205981715
chr21	46635344	46635845	4.069613509311409	3.064080307107724
chr22	35840336	35840837	4.324846673154545	2.800437254106213
chr22	38201681	38202182	3.3853284052746027	2.34672880041861
chr22	50343053	50343554	1.6681139212168619	1.9576346859960498
chr3	12288587	12289088	6.441494434774516	3.2061767271178927
chr3	12967417	12967918	0.9095902983062044	1.037159286335319
chr3	29280731	29281232	3.103810242550102	4.542569101332666
chr3	38029511	38030012	2.4402132153273106	2.060110314163619
chr3	51942686	51943187	11.90011780371447	18.97342736516408
chr3	52287569	52288070	2.5356301317909757	3.3530482998389206
chr3	55481142	55481643	2.2909130612295305	2.84146039416928
chr3	71131136	71131637	0.8338582451472025	0.8535309918150454
chr3	126266496	126266997	4.357193622641459	2.5751531376334245
chr3	136196084	136196585	10.75805219395194	8.299494626755248
chr3	136930219	136930720	0.7050545153146732	0.733996269945613
chr3	156751404	156751905	4.326508038415167	2.564460740593855
chr3	157436702	157437203	9.84114214331804	5.114904597847762
chr3	157487198	157487699	0.8205018376637837	1.1753172610334293
chr3	171771134	171771635	2.51294078251083	7.157533650031823
chr3	187745474	187745975	2.970951819729186	6.190509485508391
chr3	193618576	193619077	1.0007098977437276	0.8682634749574337
chr3	194633170	194633671	1.6711696762286736	1.4573417109643627
chr3	196712420	196712921	1.8672341091666156	1.6361726106045964
chr4	53507925	53508426	1.9218233045703637	1.2491382563899378
chr4	70721713	70722214	1.609189535686356	2.0483901400765974
chr4	73258547	73259048	2.7212354696677354	2.1726969009387993
chr4	122922717	122923218	2.422596165995874	2.8241020764657363
chr4	150510338	150510839	1.95141255474852	1.1251312437766565
chr4	168631366	168631867	6.07622542305145	4.047357903269237
chr5	7868786	7869287	2.56785854387902	2.7938343350758807
chr5	14440568	14441069	5.465245692553872	5.366957754670027
chr5	43067185	43067686	1.9860297845985124	2.6688206517053934
chr5	96695534	96696035	1.3249865069598732	1.8200885685618051
chr5	119355768	119356269	2.743336824837797	4.232592274328906
chr5	132387562	132388063	2.525411354805419	2.6762030524408034
chr5	138032835	138033336	4.470029671511012	3.3072503802781097
chr5	142621091	142621592	1.0875343186650686	1.1617017177764528
chr5	180809599	180810100	5.911988386374985	3.126852070500037
chr5	180831114	180831615	3.662819811683929	3.1570497408598484
chr6	18264016	18264517	1.3566290320988426	1.4364541719059745
chr6	30326899	30327400	1.6352827275346615	1.7532518965279509
chr6	33080135	33080636	0.9165684204853461	1.5226498931467891
chr6	56851466	56851967	1.0706158199472104	1.4631328761220692
chr6	109009304	109009805	2.3326231257882184	1.421347396102494
chr6	111606027	111606528	4.12103370682684	7.076736303622613
chr6	136038040	136038541	2.5296467364191293	1.5820717629558312
chr7	1044295	1044796	2.655766852006703	2.951040146593562
chr7	40815382	40815883	2.0730383609107395	1.7254799149945348
chr7	66531626	66532127	1.215832555127477	1.7649952094711943
chr7	94391945	94392446	0.7272323568662008	0.8928241879937654
chr7	99439125	99439626	3.0933534294783236	1.5403299042564667
chr7	128405697	128406198	0.8183632753566353	1.136658083892868
chr8	9150407	9150908	7.337599143772544	3.874400401305772
chr8	61714389	61714890	4.797635234758525	4.532797878968739
chr8	73458536	73459037	1.0036603540122628	3.8724686340419594
chr8	119638588	119639089	1.0889848143516663	1.4492020558216376
chr8	129970739	129971240	1.13654037031109	0.8867650116513113
chr8	144103986	144104487	5.185520448727522	5.65437911798854
chr9	693429	693930	2.246242239982068	1.2955251519908448
chr9	13140692	13141193	4.165357561049585	3.7587834763193797
chr9	22645949	22646450	0.7410616361333463	0.9337458515357591
chr9	65195755	65196256	1.1040730504932519	0.9928720340043485
chr9	113593235	113593736	1.6242491242414463	3.287364983511066
chr9	127424123	127424624	1.7890940396014803	2.043295180726194
chr9	127802957	127803458	3.2222930333333575	3.0452442352405327
chrX	7147726	7148227	2.2072447169564677	1.2093719332042092
chrX	15675464	15675965	1.7962799583842417	1.6126962919197159
chrX	19670747	19671248	1.6446181579740224	0.8852295428217052
chrX	109536867	109537368	1.871800484057672	2.244856965399074
chrX	110087622	110088123	5.563858754620581	6.335827939762565
chrX	115042273	115042774	0.9341317374787169	0.7365269499148676
chrX	136147214	136147715	0.8586255691484539	0.939301437484528
chrX	136196775	136197276	0.9351707011639715	1.8502162121489139
chrX	136767092	136767593	1.6653116567881998	1.5339969565530498
chrX	149540708	149541209	2.4811557095921684	2.3405520901708545
chrX	155334406	155334907	0.7515526330637599	0.7583468048396462
