#'chr'	'start'	'end'	'White_Adi.'	'Beige_Adi.'
chr1	6613230	6614231	3.1412547491266056	2.2771395110226536
chr1	11803176	11804177	1.8555702560074203	1.7730233209592834
chr1	14945418	14946419	1.1722093447629032	1.5064428852194354
chr1	23800280	23801281	2.566299557528653	2.2291993270744452
chr1	33349384	33350385	1.4071571295220893	1.6144641473854617
chr1	55214863	55215864	2.9304896900584763	2.800598869076023
chr1	89632571	89633572	2.2531591820502492	1.4046726133122351
chr1	93613596	93614597	1.8600726397625813	2.0403566092123717
chr1	95624932	95625933	6.486309799362016	6.30848130773315
chr1	113758985	113759986	2.276584280435141	2.220668094062107
chr1	113758988	113759989	2.276337084851184	2.2199623574426166
chr1	115768280	115769281	1.300396947336721	1.0417594792165636
chr1	120196584	120197585	0.7239387955794204	1.0866851970191167
chr1	146959470	146960471	1.0222699309967376	1.1619098374655434
chr1	153565343	153566344	1.0249357369467693	1.6837430087637988
chr1	155982889	155983890	4.916318889545513	5.4783494436776605
chr1	160127171	160128172	0.9704710958292196	1.0705955838347292
chr1	160284653	160285654	2.976527328262558	3.507443930758979
chr1	160284653	160285654	2.976527328262558	3.507443930758979
chr1	161196918	161197919	2.406166581221513	2.0889657282884864
chr1	161225438	161226439	1.5548912174861274	2.59907721568059
chr1	161749257	161750258	2.3038323149171385	1.7195378601094542
chr1	161749257	161750258	2.3038323149171385	1.7195378601094542
chr1	171257456	171258457	1.1701186752700425	1.3690997092596022
chr1	201888207	201889208	1.700963314334591	2.4437025563541432
chr1	209674746	209675747	9.465280324533865	10.12416725273018
chr1	219091766	219092767	1.6575242427250485	0.9951713890224307
chr1	240284795	240285796	1.3497261034406267	2.048461297175267
chr1	245154484	245155485	1.2259067664208352	1.473856236908462
chr1	246416908	246417909	1.2813219805554552	1.4825800709275059
chr10	24466030	24467031	0.7506154405439531	1.1879832432582067
chr10	29634471	29635472	1.5678541311898548	1.2632488212782347
chr10	29735423	29736424	2.1525287414002015	2.373315933740739
chr10	46030213	46031214	2.888684344829975	2.6763234656134167
chr10	71964840	71965841	1.5319708119334279	1.3255921693154664
chr10	89645071	89646072	2.1995251932820596	2.6644995411832535
chr10	91162511	91163512	1.1242761110806918	1.1655057196691758
chr10	103677714	103678715	1.8697808647346306	1.930227770632281
chr10	110207104	110208105	1.3652574811662945	1.3081621191638968
chr10	119818226	119819227	1.0415731601924687	1.3614025711417794
chr10	121974716	121975717	2.16986153883653	1.408645103107164
chr10	122112538	122113539	1.5871419778951517	2.359419724562547
chr11	313539	314540	1.1411518867485053	0.9449836544858746
chr11	706214	707215	1.3351825463355003	1.3515819421895854
chr11	7576266	7577267	1.1122955677440236	1.408225429006469
chr11	8725818	8726819	0.9010938649363333	0.8543977751717582
chr11	9573169	9574170	1.9559705486164225	1.3916895547549883
chr11	36375880	36376881	1.1458813718172696	1.138140912775274
chr11	36375880	36376881	1.1458813718172696	1.138140912775274
chr11	47564835	47565836	1.9450192996243258	2.5546597940620885
chr11	58575382	58576383	2.0120755703799373	1.5001588367518688
chr11	62600774	62601775	1.9700056696843196	1.3538593207444105
chr11	62664716	62665717	2.0696057357559434	2.860468020805946
chr11	62727611	62728612	2.290678371921048	1.7746610030149803
chr11	64245463	64246464	2.053164083993399	1.8180435306423313
chr11	65381872	65382873	4.505217194914461	3.017776495132929
chr11	71478793	71479794	0.8806092927458283	0.9113128441713113
chr11	86955737	86956738	6.4361752904688085	9.292089713163625
chr11	110092610	110093611	1.9649827017769828	1.88693460638508
chr11	111879040	111880041	2.232769925082242	2.3805053163440157
chr11	111918412	111919413	1.9407265090561294	1.969096655056471
chr11	111976808	111977809	1.644646181607699	1.0668943524559142
chr11	119010706	119011707	0.8444949107594066	0.9921255065646126
chr11	134252869	134253870	2.611849492670416	2.7687354117999106
chr12	26194995	26195996	0.978854846173114	1.634846789734466
chr12	29148602	29149603	2.2467725505695473	1.4044052426353757
chr12	48118763	48119764	1.1238902500697545	0.9613500822793235
chr12	53251595	53252596	2.9431031895350745	3.4849353336787723
chr12	55973573	55974574	1.8573446860299123	2.133104395636153
chr12	63779341	63780342	1.9040511611648847	1.581853004999253
chr12	104456470	104457471	1.529608848183067	1.424098879902751
chr12	116910449	116911450	1.8926722253881372	1.3256476047711496
chr12	132710318	132711319	1.454226731444215	1.4291785003898385
chr13	44575829	44576830	1.6008865530221732	1.9064572718871502
chr13	110712777	110713778	1.858031311949769	1.559553891073018
chr14	23153949	23154950	3.627242999767567	3.321794879940642
chr14	24114276	24115277	2.4999456688026327	1.619387727239471
chr14	31456987	31457988	1.8552519947093924	2.3527318158627666
chr14	50363447	50364448	1.0674105855539724	1.0889406514652087
chr14	75660723	75661724	1.796972963712313	1.9234448559793123
chr14	95516149	95517150	1.4856659869976214	1.6060254517452661
chr14	95534117	95535118	1.4722496846720174	1.347120465892496
chr15	32461483	32462484	0.875728015804386	1.0216301944388415
chr15	50354486	50355487	3.336080768291767	2.3905158933702406
chr15	55916630	55917631	1.9644049528809813	1.086416377173318
chr15	57218536	57219537	1.1462805596503107	1.1199837726551098
chr15	69298411	69299412	1.519727154025784	1.1000007325476342
chr15	85619195	85620196	1.3436099502304335	1.17068079110983
chr15	85749780	85750781	2.22675849571571	1.680598819013679
chr15	90871038	90872039	2.265311040278081	1.8795531851190193
chr15	99250861	99251862	2.485750539438589	2.381107104686035
chr16	10580131	10581132	1.7617731520798536	1.6179793044562503
chr16	31064587	31065588	1.4576219574340454	1.9110466306542224
chr16	48384912	48385913	1.9618129779766131	2.3273298645908738
chr16	66635984	66636985	1.5536724672117435	0.9370759762488641
chr16	67252235	67253236	2.0678364780208804	2.583945557628915
chr16	69139171	69140172	1.1920243206652965	1.1699396134058
chr16	72889333	72890334	1.1146605483444778	0.9681380942310049
chr17	1495960	1496961	1.3731410011497291	1.4960635051384314
chr17	15262088	15263089	2.7192058559421532	2.3016087841360404
chr17	17591207	17592208	2.8142318993872335	3.9012488483628394
chr17	28725732	28726733	1.944230924562498	2.008318661611318
chr17	28728287	28729288	1.902387753466626	1.592551057988947
chr17	29568200	29569201	1.8721889813677532	1.7762102937841273
chr17	39636589	39637590	1.786395261385343	1.2724974153838156
chr17	39919353	39920354	1.1402217945018849	1.399137184614346
chr17	40057789	40058790	1.83352940943334	0.9005377006022643
chr17	47489717	47490718	0.7517439998661007	1.193785283631418
chr17	48592192	48593193	2.332768809407145	2.2319603833285244
chr17	50865853	50866854	5.673807456581504	3.532460552829129
chr17	67993051	67994052	1.683179678445334	1.836773002858246
chr17	78736466	78737467	0.9069128632902742	1.1872940374698948
chr18	5543809	5544810	1.1902394187081227	1.3982019816642202
chr18	31684222	31685223	1.2224052270666346	1.0209203065731824
chr18	50967490	50968491	3.083274583235368	1.819697295273696
chr18	77105224	77106225	1.2351864079828863	1.7600394940320705
chr19	2050386	2051387	3.1273996627152143	3.289620889809145
chr19	3062056	3063057	1.4792292778022758	1.4119178951084317
chr19	12777919	12778920	2.1725563980697036	2.035692874407951
chr19	13023490	13024491	1.816973854849984	1.6040581030882164
chr19	15125285	15126286	3.8081451787958134	3.51044636077576
chr19	29714956	29715957	2.6809531831693696	2.8932078365004545
chr19	35138307	35139308	2.339337882271537	2.6547036985536434
chr19	37691836	37692837	2.771947173462524	2.4445156936759833
chr19	45730395	45731396	2.1915541123915148	1.4464848024861794
chr19	48634025	48635026	5.035935442578662	4.452242008257499
chr19	53333248	53334249	1.4586649553449482	1.4313427312668663
chr19	53467232	53468233	1.5472518504749644	2.2958928520108635
chr19	55117136	55118137	2.3698593095442155	1.7674629285738066
chr19	56397465	56398466	0.944584032605578	1.1452163821889525
chr19	56476873	56477874	1.6202967810082984	1.5047625022612527
chr19	57559362	57560363	1.7113846329756672	1.4758918662488838
chr2	46827363	46828364	1.6971118489512196	1.2791273595490456
chr2	48529670	48530671	1.2719268936020034	1.3800175879901144
chr2	53767303	53768304	1.9350221211283833	1.6130494930884698
chr2	55050043	55051044	3.2438278298849585	4.797236766173687
chr2	62195614	62196615	1.7788609925231018	2.1031495017128865
chr2	62705151	62706152	3.2001716545173577	3.5284945154205944
chr2	62705241	62706242	3.3861572661957187	3.51749145178806
chr2	64988898	64989899	1.542652775691106	1.7341977364612824
chr2	71331259	71332260	1.8115708075798713	2.0892898428253517
chr2	85577085	85578086	1.1937914928546796	0.9211166547291921
chr2	95789153	95790154	0.9089188304981152	0.9533972213794659
chr2	102736404	102737405	2.29834407086139	3.1657264914228405
chr2	108533695	108534696	2.884102156769622	4.080989798743686
chr2	127106787	127107788	2.362338311102959	2.4636626716776364
chr2	131757530	131758531	1.1883531166861703	1.0676859202402418
chr2	144332067	144333068	2.4442715685803456	4.4777661049481114
chr2	152334673	152335674	1.5133090580379094	1.31748379892482
chr2	169807976	169808977	1.7578791341105184	2.4339522237266418
chr2	218270019	218271020	1.8679280422641324	1.4582300443392058
chr2	226794374	226795375	3.099638078901079	1.7051248367810068
chr2	238847531	238848532	2.6240365039623463	1.8547449964624303
chr20	44695595	44696596	1.5846595905162955	1.319483065819526
chr21	15729524	15730525	2.4186086627605796	2.3611253188365384
chr21	28674347	28675348	3.0778554352751737	2.9156831907424134
chr22	17773994	17774995	1.3475914016708388	1.2967289791399343
chr22	21476642	21477643	1.0103465556050395	1.0134710250915466
chr22	38201431	38202432	1.1026594015268179	1.5994871459005677
chr22	50190097	50191098	1.9811368803925566	2.36451414399174
chr22	50342803	50343804	1.3880908884511483	1.4634956081351003
chr3	12288337	12289338	9.001862714007183	3.4859418027447813
chr3	12967167	12968168	1.202906715172035	1.2437396382158135
chr3	32238178	32239179	1.3437633528885664	1.117041440713497
chr3	38029261	38030262	1.824303881085955	1.6218494047850243
chr3	49802760	49803761	1.500449300150533	1.7189946870108346
chr3	51942436	51943437	3.608816926939028	3.1260981027817194
chr3	52287319	52288320	2.6802976692496956	2.601699459445584
chr3	55480892	55481893	1.6877802689711412	1.0563547145990861
chr3	71130886	71131887	1.0638002041598535	1.2157644450644671
chr3	136195834	136196835	3.9750283932376216	4.588255434801608
chr3	136929969	136930970	3.316463127326775	2.3864357362697013
chr3	156751154	156752155	1.7727474624222213	1.5665921892597403
chr3	157436452	157437453	3.4297539420418452	3.413250708635592
chr3	157486948	157487949	5.9254524500767785	3.7331812752511877
chr3	187745224	187746225	4.233261626374114	4.896222097096426
chr3	193618326	193619327	1.2826335735492536	1.1512725212714532
chr3	194632920	194633921	1.8975061478743425	1.8131848145356944
chr3	196712170	196713171	1.3996546633450777	1.3223642522479706
chr4	1172710	1173711	3.0723657208270243	1.9107022757058616
chr4	41537656	41538657	1.097021483765258	1.4296443339311953
chr4	53507675	53508676	1.1793548683829596	1.0003823055015815
chr4	70721463	70722464	1.5539782248391258	1.419491572575374
chr4	73258297	73259298	2.6425571411925475	1.9796280093959995
chr4	76251199	76252200	2.1662635168328985	3.0471465193030443
chr4	99154128	99155129	1.1496639424723227	1.6462871235210101
chr4	122922467	122923468	1.2360320854377556	1.3308307105924067
chr5	43066935	43067936	1.3635900032889474	1.820124044999495
chr5	80485426	80486427	0.8515243566857947	0.9764815285092308
chr5	96695284	96696285	1.2223611538607877	1.283709495813101
chr5	119355518	119356519	0.9886187280736841	1.6683950325746437
chr5	132387312	132388313	1.0578202385383173	2.114147677407279
chr5	138032585	138033586	2.4689097819294963	1.882215400794884
chr5	142620841	142621842	1.6237114704143512	1.3468154722398573
chr5	180809349	180810350	2.1337117554686524	2.191834761308028
chr5	180830864	180831865	4.815192145500983	4.0117368577442045
chr6	18263766	18264767	1.6299020169283842	1.222520875565576
chr6	30326649	30327650	1.4808169517555199	1.8886908668698448
chr6	34696433	34697434	2.1109883364621216	3.079993284506834
chr6	56851216	56852217	1.1503663068194012	0.9815035239085331
chr6	109009054	109010055	1.907753568605467	1.7727295880789284
chr6	111605777	111606778	4.469039902358383	3.74114821951984
chr6	136037790	136038791	1.8098838344272914	1.1066393611671683
chr7	1044045	1045046	2.5398605142416177	2.726953461056664
chr7	1159961	1160962	1.9677620005726695	2.2982614819224656
chr7	40815132	40816133	1.85550845547275	1.7223468214283375
chr7	66531376	66532377	1.0864623447231478	1.1591216488119527
chr7	94391695	94392696	1.7382853492180426	1.2662345786671063
chr7	99438875	99439876	1.3394474640045013	1.7564408392498108
chr7	128405447	128406448	1.0625812259944645	1.6196159014414437
chr7	144194820	144195821	1.0374210363763434	1.1256439443671462
chr8	73458286	73459287	1.7252370619797681	2.2233726108149616
chr8	119638338	119639339	2.0922046718540246	1.2911594102194497
chr8	144103736	144104737	2.227111674336406	2.2848073363582015
chr8	144465147	144466148	1.23950927063659	1.6064282078128476
chr9	504194	505195	1.6453088996269845	1.2102817435523412
chr9	693179	694180	5.124913801560988	6.220483408980953
chr9	13140442	13141443	4.699349292370227	2.443866313555778
chr9	21559330	21560331	1.2739043466909068	1.5347750510051572
chr9	22645699	22646700	2.604412791493175	2.8143769540351666
chr9	63125410	63126411	3.8391612094265595	6.130274233641801
chr9	65195505	65196506	1.051923563725703	1.0543697734614272
chr9	96854013	96855014	1.3386859095799217	1.985695669026205
chr9	113592985	113593986	1.254499003651378	1.8726858860089548
chr9	123403072	123404073	0.8636998068917167	0.8638521706387079
chr9	127802707	127803708	4.4555731545676	3.019686494713579
chr9	129068433	129069434	0.8995902999130996	1.0305676739731116
chr9	132878397	132879398	1.3261339136937282	1.4826983274954622
chrX	2828321	2829322	4.238843061235641	3.819436235583468
chrX	9462794	9463795	3.131378076421869	3.085750039323266
chrX	10833153	10834154	1.5800320808037178	2.1146166014187022
chrX	15675214	15676215	2.113938785594898	2.408331546154651
chrX	19670497	19671498	1.8594056239780725	1.719931048629207
chrX	109536617	109537618	3.457307943749976	3.116966832370866
chrX	110087372	110088373	2.1156554716950526	2.5534572709293477
chrX	115042023	115043024	1.1575439328127926	0.925310088680698
chrX	136146964	136147965	1.0879360108275513	1.2290196539440275
chrX	136196525	136197526	1.3153318716500784	1.4316015043458739
chrX	136766842	136767843	1.6283802322860244	1.988073528745831
