#'chr'	'start'	'end'	'White_Adi.'	'Beige_Adi.'
chr1	6612856	6616857	-0.9155563507970286	-0.7369399112187726
chr1	14922129	14926130	-0.42505928549526106	-0.4520405392019243
chr1	23798401	23802402	-0.8911718942774715	-0.8212295222386361
chr1	45337954	45341955	-0.9700808946541778	-0.8805992445654016
chr1	55213361	55217362	-1.1103717873104275	-0.8866639672383998
chr1	87127764	87131765	-0.6904183050051841	-0.5758282666258137
chr1	113756062	113760063	-0.5945378090146356	-0.6383672826818295
chr1	113757887	113761888	-0.8053098839870086	-0.8645013800967475
chr1	146957858	146961859	0.012731052184861081	-0.3415535856608883
chr1	149830669	149834670	-7.967091197568842e-05	0.0
chr1	153564754	153568755	-0.5382464339913493	-0.5467541108489874
chr1	155981604	155985605	-0.8426055004697104	-1.1288667842665085
chr1	160126395	160130396	-0.37271009560179824	-0.6567881515155932
chr1	160282230	160286231	-0.8758455949740496	-1.0381553367791239
chr1	161723900	161727901	-0.352036988544355	-0.7282722883333868
chr1	171266995	171270996	0.1748429951391603	0.32862117437551086
chr1	184566398	184570399	-0.6139271069624286	-0.8504194302521687
chr1	201737316	201741317	-0.901357288978071	-0.7247014683458051
chr1	201737867	201741868	-0.9058599794583246	-0.7289602668373628
chr1	201886679	201890680	-0.4706308397887157	-0.25607532420756335
chr1	245152494	245156495	0.10003568493842728	-0.10775114992451537
chr1	246505311	246509312	-0.6928765058037603	-0.46198213211998596
chr10	29734780	29738781	-0.585789434858291	-0.6574041609888708
chr10	31318446	31322447	-0.8792935072333666	-0.935492622746057
chr10	46021454	46025455	-1.008814529577316	-0.8303435641395251
chr10	69178233	69182234	-0.9047922084394207	-1.0471262255811151
chr10	71962394	71966395	-0.6442035498462453	-0.8244801481336412
chr10	91218662	91222663	-0.8168530459138598	-0.6245770312185874
chr10	102447815	102451816	-0.48128452817135325	-0.4408476589064315
chr10	110005963	110009964	-1.043846568575278	-0.9552449584685925
chr10	110223992	110227993	-0.6744305497084953	-0.2889389837091754
chr10	132305949	132309950	-0.10732802100367185	-0.16479249269894974
chr11	693531	697532	-0.9578178640708411	-0.8314581353687771
chr11	807752	811753	-0.9009373418631121	-0.8016511130979826
chr11	840811	844812	-0.6289495621617747	-0.8438650254669058
chr11	7563624	7567625	0.24971542027800792	0.10369244123439422
chr11	10292206	10296207	-0.8815035930342446	-0.8335541152540946
chr11	36298960	36302961	-0.09430543472396825	-0.20164964818733322
chr11	57309468	57313469	-1.0380621092034619	-0.9657538620129021
chr11	58576165	58580166	-0.9702891554768666	-0.856790431209438
chr11	62599864	62603865	-0.8154959919957017	-1.1298427342103905
chr11	65380673	65384674	-0.7168230886803968	-0.6660939575238112
chr11	66905900	66909901	-0.9065695398961185	-0.8395710060711606
chr11	86953966	86957967	-0.831586305550567	-0.8832351810423859
chr11	107856807	107860808	-0.3422564340615656	-0.47713571527168513
chr11	110091391	110095392	-0.7164152953146722	-0.691085945979237
chr11	111843390	111847391	-0.9906104932159856	-1.1046990175010687
chr11	111876934	111880935	-0.9467641328911932	-0.9232837540660611
chr11	111921682	111925683	-0.9237912535992027	-0.7863570361789037
chr11	112015303	112019304	-0.9735667492737765	-0.9941109732476617
chr12	1795659	1799660	-0.16656340570946243	-0.4170041273122839
chr12	3751199	3755200	-0.6095645082553769	-0.3804969412943673
chr12	26193339	26197340	-0.6346385373813166	-0.301355224749636
chr12	27380383	27384384	-0.6199473900652533	-0.6186919650127318
chr12	29221664	29225665	-0.2764455911936584	-0.6004730565423002
chr12	32500042	32504043	-0.7554098326182077	-0.7896693015099233
chr12	53249585	53253586	-0.7808139570042985	-0.7724125696409117
chr12	59662676	59666677	-0.7958351272119012	-0.5438019366082794
chr12	104599487	104603488	-0.7066300031639181	-0.2823360602497945
chr12	116908964	116912965	-0.5398437249999055	-0.3954081370044017
chr12	122832452	122836453	-0.3125916417034359	-0.31410778272803797
chr13	23178951	23182952	-0.3540001986668734	-0.4388278840717656
chr13	23886841	23890842	-0.8077545637966423	-0.8072173135726671
chr13	41258585	41262586	-0.7017048598511928	-0.7380859603745178
chr13	44434844	44438845	-1.011623332538062	-0.7704435970256924
chr13	110712981	110716982	-0.9773655617945425	-0.8564828079316009
chr14	50394075	50398076	-0.8032748794500465	-0.852544038667652
chr14	73567058	73571059	-0.7887699721488952	-0.9196509455491721
chr14	95479761	95483762	-0.974169463726441	-0.909209667340245
chr14	95532888	95536889	-0.8676814329674514	-0.9277591776300277
chr14	100895921	100899922	0.07493143969458185	0.19292869100819893
chr15	40437720	40441721	0.1476624279237743	0.05809214674359496
chr15	49877587	49881588	-0.8432305402149427	-0.6234183080519026
chr15	50353459	50357460	-0.8001366406555661	-0.9593686934475394
chr15	74171709	74175710	-0.705008907017281	-0.8041449221381113
chr15	90870877	90874878	-0.7854557101710443	-0.9184673494133841
chr16	10557153	10561154	-0.8549288814039206	-0.997672412180226
chr16	31072239	31076240	-0.9434191437925753	-0.9354530762883213
chr16	48363900	48367901	-1.1440334294225227	-1.0555848260394483
chr16	66932443	66936444	-0.9489292692800342	-0.7261019720325779
chr16	69140115	69144116	-0.963287037978504	-0.8556416299210754
chr16	69309349	69313350	-0.7589058696954727	-0.6158826460082587
chr16	69328587	69332588	-0.8670277892402413	-0.8631698654798987
chr16	71881540	71885541	-0.7546173368134905	-0.7839767908857315
chr16	75249623	75253624	-0.8210395215133756	-0.8001705425145602
chr16	87315419	87319420	-0.8155869037200282	-0.7739517279899344
chr17	4948189	4952190	-0.6979927293619421	-0.8978226628391323
chr17	7855890	7859891	-0.9557605641616369	-0.8462817038124214
chr17	15263325	15267326	-0.689050936260929	-0.6564724376053385
chr17	17575495	17579496	-0.7194349510513928	-0.8772728346808994
chr17	17750475	17754476	-0.6889265820890342	-0.7755289066900214
chr17	28723896	28727897	-0.8057249539132342	-0.8286040749253639
chr17	28724931	28728932	-0.733492063882311	-0.8903710078390639
chr17	29566046	29570047	-0.8174177688243152	-0.8636533550388622
chr17	29566516	29570517	-0.8189127300606038	-0.8775722004485417
chr17	34959459	34963460	-0.7920106278546716	-0.6087513455958198
chr17	47186935	47190936	-0.9431671864103331	-0.9578196790867286
chr17	48576349	48580350	-0.7176806374957597	-0.8506290290709845
chr17	48591960	48595961	-0.784772322240268	-0.7460953914194537
chr18	5628699	5632700	-0.3504437020922719	-0.45987137434148806
chr18	77131682	77135683	-0.2710452863472215	-0.020862131341706284
chr19	3061106	3065107	-0.6147325406829558	-0.23646799084538303
chr19	12773619	12777620	-0.8041167282738577	-0.9090616993235517
chr19	12993607	12997608	-0.7660170931295412	-0.747803451676652
chr19	18939260	18943261	-0.6517167155162021	-0.3782013504840648
chr19	29706639	29710640	-0.8919599943033427	-0.9343034173048619
chr19	35137725	35141726	-0.46452203633262457	-0.6955318439274628
chr19	38317844	38321845	0.25469262706595036	0.17606818230064933
chr19	42215756	42219757	-0.6341971580296518	-0.9306682163556231
chr19	45715328	45719329	-0.8369577098446946	-0.6946509697167875
chr19	47254522	47258523	-0.6055419293711246	-0.8956205069351694
chr19	47711421	47715422	-0.6644776369301919	-0.652048395113969
chr19	57559394	57563395	-0.023051888020739656	-0.05045412554035495
chr2	8679862	8683863	-0.8851526090739649	-1.0877390873190822
chr2	11343436	11347437	-0.7856343449158639	-0.936366693926333
chr2	48567019	48571020	-0.746207475376828	-0.7048879191744957
chr2	54454316	54458317	-0.8523552178423884	-0.861141198106964
chr2	55008448	55012449	-0.9847663972028361	-1.033362774143263
chr2	62696874	62700875	-0.943072370127402	-0.7560547632531351
chr2	62977322	62981323	-0.8114267495595584	-0.8986170429023265
chr2	64986476	64990477	-0.30619331111167036	-0.31449388054860666
chr2	95787664	95791665	0.020159314044089334	0.033651051655974096
chr2	102759962	102763963	-0.7422373346046142	-0.5012907729013397
chr2	108532181	108536182	-0.9933699665795447	-0.7822194987843192
chr2	109434652	109438653	-0.6438101549567192	-0.5964306294098701
chr20	3157864	3161865	-0.5587558426184132	-0.7823817120346835
chr20	44736895	44740896	-0.6480976320463759	-0.8087777900875894
chr20	50566054	50570055	-0.9094647360474656	-0.8733174547219111
chr21	16417195	16421196	-0.537095334037195	-0.7976592330812908
chr21	45532705	45536706	-0.54139056582294	-0.5270186425705389
chr22	38190099	38194100	-0.7335837555674317	-0.630929124746291
chr22	38211534	38215535	-0.5999005794694507	-0.4746511037004941
chr22	40175924	40179925	-1.0062839881050825	-0.7322351727470693
chr22	50183914	50187915	-0.4707100741179756	-0.4048881520432829
chr22	50198978	50202979	-0.8971292592727103	-0.7019032372103864
chr22	50328773	50332774	-0.5487223748954146	-0.5937666182828004
chr3	9842058	9846059	-0.9832916538771095	-0.6046416343951796
chr3	12349471	12353472	-0.8944482457222384	-0.9580676558215766
chr3	14430669	14434670	-0.48503870364326535	-0.27610807125641684
chr3	38022786	38026787	-0.8658702303471004	-1.0596744736237609
chr3	42617818	42621819	-0.8183831632396829	-0.8226319594736673
chr3	42652504	42656505	-0.787669232468743	-0.6016968759396217
chr3	46564523	46568524	0.1496498192333147	-0.13255530141407595
chr3	52288073	52292074	-0.703853352685605	-0.8791559735222173
chr3	73554937	73558938	-0.9551702325839213	-0.939723633902807
chr3	107520935	107524936	-0.8023566589758923	-0.9115038003767635
chr3	126285704	126289705	-0.318772432363269	-0.2285791010814121
chr3	129722112	129726113	-0.8805550337762977	-0.8951911944940986
chr3	136926038	136930039	-0.8566779527553912	-0.85945984846405
chr3	141400348	141404349	-0.5946802858549295	-0.8756521706672619
chr3	156815061	156819062	-0.4695774173662555	-0.6158374468008796
chr3	171808482	171812483	-0.9916960465682081	-0.8875811194091694
chr3	187735943	187739944	-0.9295935295527603	-1.025034760047675
chr3	194631688	194635689	-0.4960589535643858	-0.5269256521176403
chr3	196710357	196714358	-1.085718562476008	-0.7157394437372259
chr4	53506382	53510383	-0.6716517857888401	-0.6337951005569497
chr4	70702800	70706801	-0.906402568771725	-0.9185146659239392
chr4	73221113	73225114	-0.9806680517864437	-1.0871151890339292
chr4	122920596	122924597	-0.9393532274679502	-0.9323092165888192
chr4	142303943	142307944	-0.6115995761268316	-0.4936286577523845
chr4	159265736	159269737	-0.9537621497116838	-0.7117924410042349
chr4	168509567	168513568	-0.42657507867682265	-0.19404408889042746
chr5	96700788	96704789	-1.0145330409381168	-0.7883259375380273
chr5	113292948	113296949	-0.6396219338935283	-0.6342344563368004
chr5	119266691	119270692	-0.7016216542039935	-0.7568402956193453
chr5	134524107	134528108	-1.0739753184553575	-0.8827659207073146
chr5	138036605	138040606	-0.7036785471026781	-0.8034212691029963
chr5	142696045	142700046	-0.7905935573932911	-0.7947008226874497
chr5	142696069	142700070	-0.7917778576309051	-0.7954892277793734
chr5	147451958	147455959	-0.02851266122927213	-0.18617029819596054
chr5	159098482	159102483	-0.8962614750965305	-1.0292511949298442
chr5	180808439	180812440	-0.8670216753447095	-0.8987576504861237
chr6	18262547	18266548	-0.5375016358150901	-0.4663782276405801
chr6	30324808	30328809	-0.9163402314297058	-0.9695542046115958
chr6	33073989	33077990	-0.300330031327252	-0.533912457526351
chr6	56841664	56845665	-0.8375521985160913	-0.9193692063658924
chr6	79629328	79633329	0.5524141374710279	0.2874106079461643
chr6	106539133	106543134	-0.9197193200147983	-0.7736011044988167
chr6	109092818	109096819	-0.7560318024251091	-1.1001402927142208
chr7	1053278	1057279	-0.19351479168492983	-0.2918748413699738
chr7	5395243	5399244	-0.9773277378861333	-0.8368534966726
chr7	94393607	94397608	-0.9468517434689693	-0.9853897686386544
chr7	99436921	99440922	-0.8699552448972074	-0.915880329047648
chr7	102394362	102398363	-0.924699790714324	-1.018414287089891
chr7	107742103	107746104	-0.8918195254869915	-1.0292483224126947
chr7	134889399	134893400	-1.0527171397381978	-0.6743670521721605
chr7	143618942	143622943	0.0	0.0
chr7	155250433	155254434	-0.5624916267372438	-0.6807859995102353
chr8	9149573	9153574	-0.49841833519207046	-0.5311639329123747
chr8	17674493	17678494	-0.5464050614151216	-0.7179197347128731
chr8	61687848	61691849	-0.9866108899554407	-0.9788979728410793
chr8	101788976	101792977	-0.736564531201971	-0.6724114668803305
chr8	106655667	106659668	-0.6404614896223181	-0.7869064217258134
chr8	119671452	119675453	-0.014082182739432035	-0.24551027441333323
chr8	129937871	129941872	-0.7066569474522528	-0.8880271667170708
chr8	144102249	144106250	-1.0855169358865246	-0.8386364439214496
chr9	684763	688764	-0.8927316905388376	-1.0967356100413186
chr9	127800857	127804858	-0.9222670183663625	-0.9909245750494834
chr9	129108792	129112793	-0.7891087388839885	-0.7762118480196861
chrX	7145236	7149237	-0.8501316795117788	-0.6594076916319279
chrX	15736269	15740270	0.2675904094201413	-0.5387644406382518
chrX	52956517	52960518	0.0	0.0
chrX	72303913	72307914	1.0811180312508784	0.7746184694760047
chrX	72305186	72309187	1.1083371294854332	0.7457951577205203
chrX	100591359	100595360	0.7421926880966718	0.5799761557791577
chrX	109534875	109538876	0.46598869420780215	0.3019855517356377
chrX	115015615	115019616	0.5111320121356765	0.11683448270265764
chrX	136167636	136171637	0.536066130948604	0.23595988360807024
chrX	136202720	136206721	0.2681840392652816	0.21147773823267604
