#'chr'	'start'	'end'	'White_Adi.'	'Beige_Adi.'
chr1	6614230	6617731	0.3330039409030671	0.640909720362129
chr1	11799676	11803177	0.826070050040983	0.6956817088497361
chr1	14946418	14949919	1.1528287383760416	0.8341543992656869
chr1	17634756	17638257	0.6593965927691706	0.3336284829397416
chr1	23796780	23800281	0.5177682547414888	0.7861574784336604
chr1	26432781	26436282	1.0496692223232185	1.379661320346112
chr1	33345884	33349385	0.48935334474999537	1.1115276360541022
chr1	55211363	55214864	0.45022339839048553	0.5072940505496123
chr1	113755485	113758986	1.0453602417980263	0.8755327055330352
chr1	113755488	113758989	1.0446748820368212	0.8754978114074802
chr1	115764780	115768281	0.5408362314774268	0.9903054989431586
chr1	146960470	146963971	0.023991839740738492	-0.09828998375550263
chr1	149833167	149836668	0.023776398969016666	0.023166773081574908
chr1	153561843	153565344	0.2693175949540725	0.26487842867114314
chr1	155979389	155982890	0.9500674920843452	1.1240439115738015
chr1	160128171	160131672	1.5749005227427264	1.6742345866115134
chr1	160281153	160284654	1.2279653965626673	1.1935081684952118
chr1	161226438	161229939	0.6399958141388818	0.5346647320987136
chr1	161750257	161753758	0.9671000913239948	0.7177034959674997
chr1	161750257	161753758	0.9671000913239948	0.7177034959674997
chr1	171258456	171261957	0.7158313769295281	0.1742812156484963
chr1	173201723	173205224	0.2504627066361843	-0.0729054749299416
chr1	201889207	201892708	1.1276472135803692	1.1600373527853352
chr1	219088266	219091767	0.8273329077595867	0.7903818023648056
chr1	240285795	240289296	0.7765959534094751	0.4465748089456686
chr1	245155484	245158985	0.5576104290180894	0.7530346966852157
chr1	246413408	246416909	0.45289348818484815	0.18346513718717639
chr10	24467030	24470531	0.6779333861289948	0.5371406019331857
chr10	29644274	29647775	1.3712883356135606	1.3414576588285576
chr10	29731923	29735424	0.8385976815609462	0.8889066948373846
chr10	46026713	46030214	1.0102620930080983	0.8892555442719173
chr10	71965840	71969341	1.169962497036077	1.2272473038237353
chr10	89641571	89645072	0.4683529298139708	0.5134293757325101
chr10	91163511	91167012	0.15732956230755582	0.40591404761975153
chr10	103674214	103677715	1.1881294327401377	1.5083229930149642
chr10	110006303	110009804	-0.1734420529219773	0.20663667224693225
chr10	110208104	110211605	0.08533057094207162	0.45005769365939496
chr10	119819226	119822727	0.13718960426474522	0.31957960358722287
chr11	702714	706215	1.2540653431521915	1.5149034145392464
chr11	7577266	7580767	1.5741065507783008	1.3452459778506813
chr11	8722318	8725819	1.2290150051622326	0.6768971659943012
chr11	9574169	9577670	0.09983100463604658	0.7585889948294292
chr11	10455819	10459320	0.649736130223759	0.5308242513401297
chr11	36376880	36380381	0.22714232229118092	0.41124533281785053
chr11	36376880	36380381	0.22714232229118092	0.41124533281785053
chr11	58571882	58575383	1.169812554154767	1.6646737026379514
chr11	62597274	62600775	1.1692349454184754	0.956341237977946
chr11	62728611	62732112	0.8047135898834864	0.8208085349873694
chr11	64246463	64249964	0.9280974020077373	0.7977957662792658
chr11	65378372	65381873	0.5618938549989766	0.9223355616421093
chr11	71479793	71483294	-0.20037041647507098	-0.2946865143974552
chr11	75521940	75525441	0.5524205585612219	0.6048152956015673
chr11	86952237	86955738	-0.03840238289248448	-0.16132566067877502
chr11	110093610	110097111	0.5787234008377321	0.14506762028181125
chr11	111880040	111883541	-0.19416589970241535	0.3114568810875999
chr11	111977808	111981309	1.0415923619664105	0.7381517154798654
chr11	112018073	112021574	1.1494180053857583	1.3803759978091017
chr11	119011706	119015207	0.25712289155988716	0.10935485447731173
chr12	1793329	1796830	0.9223071982716072	1.074514140384457
chr12	26195995	26199496	1.182967343293449	1.090035621174153
chr12	29149602	29153103	0.32247996466862094	0.4787281323903743
chr12	32534823	32538324	1.2073710555060206	0.7856254448166342
chr12	46387668	46391169	0.9628466933293194	0.996509761958681
chr12	53252595	53256096	1.3852293564871614	1.2045874772702445
chr12	55974573	55978074	1.2114291076452492	0.958065087727518
chr12	104457470	104460971	1.0480990947842155	0.7680655239766742
chr12	116911449	116914950	1.0551462195414194	0.945616375625455
chr12	122835956	122839457	0.5120988307241242	0.7663268898115754
chr12	132711318	132714819	0.9726045444343095	0.9862039687803084
chr13	23161007	23164508	-0.16174783613247673	-0.06690477961555881
chr13	44572329	44575830	1.2563699639480272	1.074596013525616
chr13	110713777	110717278	-0.5182170056807233	-0.12326506275097718
chr14	23150449	23153950	1.0657354471878469	0.7272312379879625
chr14	24115276	24118777	0.5536752588688804	0.6890457587462689
chr14	50359947	50363448	0.14038217752926058	0.5166654736291822
chr14	75661723	75665224	0.8308872997831876	0.714495693661664
chr14	95512649	95516150	1.2797983685257972	1.1945356400777254
chr14	95530617	95534118	0.9947448897882922	1.0630725611060778
chr15	32457983	32461484	0.006850510929285271	0.012709781327475075
chr15	40441452	40444953	0.8878432581404964	0.9280026857335816
chr15	50355486	50358987	0.6100396228529228	0.7766358034103243
chr15	55913130	55916631	1.0374452149749638	0.974854695600077
chr15	57219536	57223037	1.1090142090161914	0.9644120880690469
chr15	69299411	69302912	0.5841221307008491	0.3748512298030466
chr15	74175000	74178501	1.8959606329672123	1.3681602016548768
chr15	85620195	85623696	0.665138405281135	1.1850448861057958
chr15	85746280	85749781	1.29157330282117	1.8233374815757757
chr15	90872038	90875539	1.2931827823527329	1.21072024550131
chr15	99251861	99255362	0.8439620717578048	0.8396217847184084
chr16	72354	75855	1.5166011654361433	1.0076665486680054
chr16	10576631	10580132	1.452673764823856	1.307744125674376
chr16	31061087	31064588	1.0923476375166619	0.7608121796909902
chr16	48381412	48384913	0.5498963215058794	0.38191385649083687
chr16	66632484	66635985	-0.014307891893709722	-0.09281922104173722
chr16	67253235	67256736	0.43776640271997097	0.47212591875820653
chr16	69140171	69143672	0.6313494100368302	1.0389233638973594
chr16	75262006	75265507	1.7303848796500747	1.7741799294865457
chr17	1492460	1495961	1.3271658479329156	1.6669480420429605
chr17	15258588	15262089	0.3486942661195732	0.7841362804086796
chr17	17587707	17591208	1.3550110878213644	1.3441004603532845
chr17	28729287	28732788	0.2518315680904258	-0.10093111013403536
chr17	29569200	29572701	1.3899542555376467	1.643618677657388
chr17	39915853	39919354	0.6474514808986794	0.8181096184371266
chr17	47185294	47188795	1.057686070227596	1.2363960525630886
chr17	47486217	47489718	-0.043387576252918586	0.2222523697041447
chr17	47937409	47940910	1.0093571452048786	1.1780812433514782
chr17	48586271	48589772	1.2629227364642315	1.0420111018723615
chr17	48588692	48592193	0.7137251591364766	0.6996010504681142
chr17	50862353	50865854	0.4456653223544544	0.18108020820734969
chr17	59945690	59949191	-0.032000319746662786	0.4172460944377312
chr17	67989551	67993052	0.2898714768441311	0.5654702242066054
chr18	5540309	5543810	0.4714745350846408	0.9786678736134898
chr18	31680722	31684223	0.3543914152889809	0.5298357479858757
chr19	1128220	1131721	0.9788715387321254	1.0485074642410916
chr19	2046886	2050387	1.26202043741984	1.1376604946145512
chr19	3058556	3062057	1.0242327310318031	0.7559708886616275
chr19	13024490	13027991	1.1153962121390466	1.2054805067243028
chr19	15121785	15125286	0.758297504631945	0.9929702311234964
chr19	29711456	29714957	1.0802127527473961	1.5311013679101242
chr19	48630525	48634026	1.5955665131771495	1.2882650259259485
chr19	53468232	53471733	0.746658421737271	0.7685774105127209
chr19	55113636	55117137	1.584734171286949	1.4719030688558372
chr19	56473373	56476874	0.05864541002672836	0.34910347796713054
chr19	57555862	57559363	0.9208081673555906	0.7672907715773758
chr2	48530670	48534171	0.4084594662852819	0.549416875311257
chr2	53768303	53771804	0.2892486589306683	0.10641346639235827
chr2	55046543	55050044	-0.47836515558445564	-0.17222423689026128
chr2	62706151	62709652	0.33671526496508153	0.6038890778182172
chr2	62706241	62709742	0.3672184741615014	0.6349946488687878
chr2	64989898	64993399	0.7568813798720693	0.7458682486588616
chr2	95790153	95793654	0.004744629086226644	0.0024598619318866484
chr2	102737404	102740905	-0.2562364267902729	0.09670366089532742
chr2	108530195	108533696	0.6536580001999237	0.817286803645188
chr2	131758530	131762031	-0.6155358428930402	-0.7042509341122957
chr2	144328567	144332068	0.3315010528593937	0.530879202205824
chr2	152335673	152339174	0.45025604354507415	0.7313668251907376
chr2	238848531	238852032	-0.061047627636367105	0.15947616027604367
chr21	46636094	46639595	1.0539068474609277	1.0441881179777524
chr22	35836586	35840087	0.5990795727520577	1.1836495318956701
chr22	38202431	38205932	1.1250094881577222	1.4499649499227283
chr22	50343803	50347304	0.4958696301903141	0.6921780969510246
chr3	12289337	12292838	0.5053612622373965	0.5174127979773052
chr3	12963667	12967168	1.5883925601792197	1.4435495518587715
chr3	29281481	29284982	-0.33459146769053955	-0.4002785214509811
chr3	38025761	38029262	0.8978191368489772	0.9400242359497167
chr3	51943436	51946937	0.42785921304026464	0.22526833962286139
chr3	52288319	52291820	1.0362531809500213	1.2390437006083102
chr3	55477392	55480893	0.4990852546701509	0.27894372489961633
chr3	71127386	71130887	0.7829088487978764	0.9651760242838455
chr3	126267246	126270747	1.040982542634521	1.6268427833897983
chr3	136192334	136195835	-0.13589745300788805	-0.41905853005108684
chr3	136930969	136934470	0.9903158934435992	1.4865002074120581
chr3	156747654	156751155	0.8512948006293881	0.8065878754031292
chr3	157432952	157436453	0.7126440681180505	0.46932368318802675
chr3	157483448	157486949	0.6430386501404359	0.4660846214131634
chr3	171767384	171770885	0.7507165740838481	0.7835752580375652
chr3	187741724	187745225	-0.2077495585462628	0.03138684277044401
chr3	193619326	193622827	0.3994354188471273	0.4186875671821791
chr3	194629420	194632921	0.11187272704608828	0.21013363886218414
chr3	196713170	196716671	0.9359262769685581	0.9938517137026215
chr4	53504175	53507676	1.197762633899444	0.48421758494734546
chr4	70722463	70725964	1.2297735562425391	1.0825702682234382
chr4	73254797	73258298	0.9781709026200341	0.8705430791541341
chr4	122918967	122922468	0.38720476085553174	0.3432224148761954
chr4	150506588	150510089	0.11738786021674104	0.014799815243181406
chr4	168632116	168635617	1.2205293600018081	1.2545637168024133
chr5	7865036	7868537	0.8465385831031098	1.045194550784106
chr5	14441318	14444819	0.9168802084099901	1.1997833391358113
chr5	43063435	43066936	0.19762561429297407	-0.004863963904359044
chr5	96696284	96699785	0.5567935492572303	0.49964233169588995
chr5	119356518	119360019	0.9810039910934127	1.0418590028926482
chr5	132388312	132391813	0.9236759500045106	0.7978892432831549
chr5	138029085	138032586	1.0552980448907767	1.1644989608434435
chr5	142617341	142620842	0.9285380918376319	0.7645610379979345
chr5	180805849	180809350	1.3519643290716628	1.824545983810155
chr5	180831864	180835365	0.9672730219432868	1.3713615339609964
chr6	18260266	18263767	1.2638114500280522	1.3772083301626872
chr6	30323149	30326650	0.9278639283478194	0.9482182738084631
chr6	33080885	33084386	0.5073737591920161	0.46312095116773394
chr6	56847716	56851217	1.2041863707891045	1.0025941691499647
chr6	109005554	109009055	0.740760833571282	0.9637487415889479
chr6	111602277	111605778	0.34151739593210506	0.6392342958434775
chr6	136038790	136042291	0.8445728797875102	0.42173759981791814
chr7	1045045	1048546	1.201403766573562	1.0228353148296516
chr7	40816132	40819633	-0.20200183524286194	-0.20472767381619858
chr7	66527876	66531377	1.2127608341509504	1.2316176436938755
chr7	94388195	94391696	0.6870476034280985	0.5160120589371352
chr7	99439875	99443376	1.1735854209033219	1.4699993730342475
chr7	128401947	128405448	1.2487317786505239	1.200730956561952
chr8	9146657	9150158	1.3300297268917116	1.0380391379883447
chr8	61710639	61714140	-0.3694376759181643	-0.05778546523753017
chr8	73454786	73458287	0.6544804438060575	0.6843351088883001
chr8	119634838	119638339	0.8285402456959412	0.8130271271063194
chr8	129966989	129970490	-0.461133339329068	-0.34454382294530295
chr8	144100236	144103737	0.8502172610891809	1.0976844605057243
chr9	694179	697680	1.4536273763919947	1.6662264417123416
chr9	13136942	13140443	1.414608252862289	0.8829707644776792
chr9	22646699	22650200	0.72154490378927	1.1012429461487279
chr9	65196505	65200006	0.0029186102376020325	0.0
chr9	113593985	113597486	1.1758575671474298	1.610854387760026
chr9	127424873	127428374	1.1967698163614617	1.2532561408084777
chr9	127803707	127807208	1.2369980865671568	1.0340200486013236
chrX	7148476	7151977	-0.3857675434843351	-0.32547676085560506
chrX	15676214	15679715	0.899158076713456	1.0666098864582423
chrX	19666997	19670498	0.6808296173937645	0.45785218721508314
chrX	109537617	109541118	-0.27245389412717574	-0.22623658783924502
chrX	110088372	110091873	0.14003168882628972	0.01760287390366228
chrX	115038523	115042024	0.29687230373131124	-0.09597869780398642
chrX	136147964	136151465	0.11477473360705762	-0.20390957688557007
chrX	136197525	136201026	0.375973914782703	0.34534837954575165
chrX	136763342	136766843	0.062175718236638935	0.10482375821329055
chrX	149536958	149540459	-0.08882704385937262	0.05330185107286534
chrX	155330656	155334157	0.18837288343864542	-0.07889830980605832
